Matriz 1
1 2 7 1 1 9 4 3 1 8 1 6 5 0 2 1 4 8 5 9 7 7 7 7 7 5 7 7 0 9 7 9 7 7 9 2 9 3 4 6 
8 1 3 0 8 7 5 3 6 6 9 6 1 5 2 8 3 8 2 4 3 0 2 2 6 8 2 4 6 1 4 8 1 9 8 7 9 3 4 2 
7 8 7 4 5 1 7 1 8 5 8 1 2 9 1 1 4 7 3 6 9 1 1 0 7 0 2 5 8 5 0 8 7 8 1 0 4 1 6 7 
1 1 0 0 5 8 5 2 5 4 0 0 9 4 5 4 2 0 8 3 1 2 3 2 0 9 6 8 3 8 7 5 1 6 2 6 6 4 6 9 
7 0 0 4 5 2 6 6 9 9 3 0 6 8 5 2 0 9 5 6 7 4 0 2 4 3 1 6 0 4 8 0 3 1 6 8 8 0 7 0 
0 9 1 3 6 8 7 6 0 8 0 4 5 1 2 3 0 6 4 4 8 8 2 8 6 5 7 9 9 6 7 5 6 1 2 4 8 0 8 7 
6 3 4 9 8 6 7 5 5 5 1 0 3 2 0 8 6 4 0 8 9 6 0 3 7 6 1 1 1 8 9 2 4 9 3 6 8 5 6 6 
9 4 5 7 5 1 7 1 7 1 2 6 1 0 2 3 3 3 7 0 9 8 0 1 1 9 1 5 1 4 5 6 8 1 4 1 7 0 0 8 
5 7 7 3 9 3 6 4 2 4 1 2 5 0 8 9 8 2 2 5 2 9 3 6 5 4 8 6 0 2 7 4 3 2 3 0 9 7 6 1 
6 9 3 9 6 6 5 8 8 7 9 0 0 4 3 0 3 5 0 7 9 0 6 5 1 0 2 3 0 2 7 6 6 2 9 3 4 5 3 1 
6 7 5 5 1 2 6 4 3 9 7 5 9 8 3 9 4 4 2 9 1 4 4 9 6 4 6 1 9 0 0 6 9 5 2 6 8 2 1 1 
4 7 4 8 7 1 9 3 0 1 3 9 0 5 4 6 4 3 2 7 1 9 9 2 3 5 2 0 7 9 5 6 0 0 4 6 9 9 1 2 
4 4 6 4 2 0 2 9 8 9 1 0 4 3 1 4 8 8 7 2 9 1 1 6 5 5 4 1 7 7 4 7 4 1 0 5 0 3 0 4 
0 4 7 6 3 4 0 4 1 8 3 6 1 8 5 6 3 2 9 6 4 5 6 3 9 3 8 7 3 2 9 5 3 7 8 9 6 1 6 1 
9 7 8 8 3 3 0 8 6 0 1 9 6 1 8 7 3 4 2 5 2 9 0 0 5 5 3 5 8 1 4 3 4 0 1 3 8 9 2 7 
3 5 0 8 0 6 0 4 8 5 6 4 5 5 5 6 8 9 3 8 8 2 5 7 3 4 6 5 3 1 4 1 1 2 8 2 4 9 2 4 
1 6 8 9 4 2 9 5 4 9 8 1 7 6 6 9 1 7 1 4 8 9 0 2 4 8 4 2 1 5 3 0 3 7 6 3 7 6 0 3 
2 4 5 2 8 7 5 9 8 6 9 1 5 8 8 4 7 0 8 2 6 9 0 4 6 5 3 5 5 8 1 7 5 5 3 2 8 7 3 9 
4 0 2 8 3 5 0 7 3 3 2 2 1 5 1 8 2 4 6 5 0 8 7 2 2 2 3 0 6 2 3 4 1 3 7 1 4 2 1 6 
2 3 7 3 3 2 6 4 0 9 9 7 4 8 8 3 7 0 5 1 0 7 3 8 2 3 1 6 4 6 3 7 0 9 4 8 8 4 9 0 
3 4 8 5 9 0 4 7 0 4 4 0 0 6 3 3 4 5 2 8 3 9 8 7 8 4 6 6 5 7 3 6 2 3 2 1 4 6 9 5 
6 1 8 2 5 3 4 0 3 6 9 6 8 9 9 9 4 2 2 7 6 0 1 3 5 7 7 9 9 7 5 5 0 5 2 4 6 3 8 7 
7 2 9 4 5 6 1 2 9 8 4 3 1 2 8 6 5 3 4 4 2 2 6 7 7 0 8 4 4 2 8 9 0 2 4 6 3 0 8 6 
5 9 3 7 0 4 9 5 1 7 8 4 6 0 4 2 8 7 7 3 4 7 6 5 4 4 8 5 6 4 5 4 1 9 5 8 4 7 4 9 
7 1 7 5 4 7 8 7 4 0 1 3 9 8 5 5 5 1 7 7 5 6 8 5 4 5 9 2 1 7 0 0 2 8 9 4 2 2 9 8 
7 0 5 0 5 4 1 1 7 3 8 5 3 6 7 8 9 4 4 3 3 5 4 7 9 2 4 0 8 3 2 3 4 0 5 2 0 4 7 0 
6 3 3 3 0 1 1 8 5 8 1 2 9 2 2 4 8 3 2 7 6 9 7 8 6 7 1 6 8 1 3 0 3 5 4 2 2 1 1 4 
1 2 4 7 8 4 5 3 3 0 2 0 8 6 4 1 5 0 3 4 9 5 7 0 8 2 5 9 6 4 7 8 3 3 8 1 8 5 7 0 
7 2 8 7 8 7 4 9 6 6 0 3 6 7 7 4 3 9 9 6 2 2 1 6 6 4 4 8 9 7 5 3 2 0 0 9 6 3 5 9 
4 1 3 0 4 3 4 0 2 8 1 9 2 9 4 2 2 0 4 3 3 0 8 6 5 5 5 8 9 9 6 6 7 9 9 3 3 3 8 4 
6 1 6 3 8 1 5 9 7 6 3 1 7 3 6 0 1 7 1 6 6 0 0 5 7 5 5 4 3 1 8 5 3 0 8 0 7 7 9 6 
0 1 0 2 6 9 7 8 2 9 8 8 9 6 1 8 5 0 9 4 0 3 0 0 2 6 0 7 1 1 7 7 4 1 5 1 0 6 0 7 
6 7 0 0 2 7 3 4 5 3 4 6 3 0 1 9 1 7 3 6 9 6 1 2 0 6 3 2 7 1 9 7 9 7 4 9 2 0 1 9 
1 8 0 3 4 0 9 9 7 5 5 9 5 0 5 9 6 4 0 9 6 3 1 8 2 2 3 6 4 6 9 7 7 6 1 5 7 6 2 1 
3 5 8 8 1 1 3 9 1 1 3 3 8 3 9 0 1 2 0 3 6 5 6 2 2 2 5 8 7 7 9 2 4 1 4 9 0 2 3 4 
2 5 3 3 9 9 0 1 8 1 7 5 9 4 6 3 8 7 5 5 3 5 0 9 0 6 5 7 3 0 4 1 4 7 3 4 2 1 8 6 
3 0 5 4 3 1 1 5 5 7 8 6 5 7 9 6 7 2 7 3 4 1 9 4 0 4 7 2 9 7 5 3 1 8 4 0 8 7 1 6 
6 3 3 5 9 6 8 2 5 9 3 1 6 4 3 2 1 7 4 2 9 3 9 8 9 7 2 6 0 7 3 6 6 3 0 8 5 9 0 2 
8 4 1 0 3 8 0 4 0 1 5 1 3 0 0 5 7 3 3 3 7 6 5 6 1 9 9 1 6 9 9 9 7 6 3 9 2 0 7 7 
6 8 4 1 5 0 7 5 7 8 5 4 3 8 4 2 8 8 3 4 2 7 7 7 7 0 4 0 9 2 8 6 0 9 5 5 2 2 8 7 

Matriz 2
4 1 1 6 7 9 6 3 4 5 9 7 6 5 9 5 4 1 0 8 1 4 0 8 6 8 1 4 8 2 1 3 7 4 8 7 1 6 0 1 
2 6 0 3 2 8 8 2 0 7 0 8 9 5 1 0 9 9 9 2 2 8 4 0 0 5 4 3 1 8 1 0 7 5 5 3 8 2 5 0 
0 9 4 3 5 1 1 0 2 8 4 7 4 8 2 8 9 1 2 0 7 8 3 9 7 5 1 6 6 9 8 5 7 0 7 1 3 7 2 6 
9 3 8 8 7 7 8 4 3 7 6 6 1 8 3 7 7 4 2 5 3 8 7 0 8 2 9 8 4 8 2 1 8 1 1 6 9 9 9 8 
9 6 0 3 2 4 9 7 2 2 7 9 4 4 9 3 2 1 5 0 8 3 0 9 3 7 3 9 6 5 8 0 1 8 0 5 4 0 5 1 
5 1 7 1 9 6 9 0 0 9 8 0 7 2 3 2 4 1 9 2 3 7 4 4 8 8 2 2 2 1 1 7 1 0 5 2 2 2 8 5 
2 5 4 5 5 5 4 3 6 8 1 0 2 3 1 9 4 2 4 9 6 8 1 8 0 9 8 4 5 3 8 5 9 7 9 4 2 8 8 3 
4 0 7 8 7 4 6 2 0 0 9 0 1 9 9 1 9 0 2 2 4 7 9 7 2 3 7 4 6 3 9 0 1 7 3 3 9 9 3 2 
7 6 3 0 7 4 1 4 7 6 5 8 4 7 8 3 9 5 5 3 0 0 5 5 0 6 6 3 6 8 2 5 6 7 9 7 1 4 3 1 
5 4 8 6 1 3 2 8 0 3 7 0 7 7 6 1 0 9 6 6 3 5 8 6 3 0 2 5 9 5 4 3 3 6 9 8 3 2 3 4 
3 0 2 7 9 9 0 2 6 4 4 3 0 2 9 1 8 9 9 3 1 7 8 7 0 5 9 5 9 5 9 4 0 1 4 3 3 2 3 0 
5 2 8 6 8 7 9 8 9 4 7 1 1 4 7 0 3 1 3 1 0 2 4 1 3 7 6 5 6 4 7 9 9 4 9 5 7 1 1 5 
0 9 6 6 5 9 6 4 1 2 7 2 9 7 8 7 0 6 2 1 4 1 2 1 7 8 5 0 6 0 4 4 8 1 5 2 6 3 1 5 
9 4 7 4 6 0 3 6 7 4 3 3 1 1 2 5 2 0 8 5 0 6 9 7 3 2 1 9 5 8 0 4 7 4 3 2 4 2 4 5 
7 7 6 3 0 2 9 5 5 6 9 9 2 2 4 7 6 2 2 5 9 4 7 8 2 6 6 9 8 6 8 8 7 8 7 3 4 8 1 7 
4 7 0 8 0 4 9 7 6 9 1 4 3 7 4 0 1 8 8 5 4 0 6 3 3 9 8 1 0 8 7 2 0 6 0 6 4 9 6 7 
8 7 4 2 0 1 3 2 8 2 3 5 0 1 3 0 7 0 6 8 6 0 6 4 1 5 9 3 0 0 6 5 7 5 1 6 4 9 9 7 
4 9 8 7 9 2 9 1 6 4 1 8 7 7 3 1 0 3 4 7 1 3 0 8 0 7 6 8 5 6 4 0 9 3 7 1 3 0 1 1 
6 7 8 9 6 6 4 7 4 9 5 2 9 6 6 7 8 6 4 2 3 3 7 3 5 6 6 4 7 7 0 5 0 9 9 9 2 3 7 5 
0 7 6 3 6 7 8 9 8 7 2 5 1 8 7 3 9 6 4 8 5 8 2 6 9 1 2 8 6 4 1 3 0 7 3 6 5 4 4 1 
5 7 2 4 1 4 8 7 9 4 2 2 6 9 8 8 9 4 0 3 0 8 7 8 1 2 6 8 5 8 2 9 2 6 3 8 0 4 3 9 
9 4 0 3 2 0 9 8 3 8 7 3 4 9 4 5 2 4 4 9 2 3 2 7 0 6 3 7 1 8 8 1 7 5 4 0 6 0 7 6 
4 6 4 8 3 0 1 1 9 3 3 0 9 0 9 5 0 6 7 1 2 3 6 7 5 1 5 0 6 2 8 5 5 5 8 7 0 9 7 6 
8 5 3 0 9 0 6 0 7 5 5 1 5 6 8 9 2 3 4 7 0 5 5 9 2 2 9 6 5 2 7 3 1 0 2 1 7 0 2 9 
6 7 7 3 9 2 1 9 6 0 0 5 0 6 7 2 8 2 6 4 5 4 5 3 7 5 8 1 0 6 2 5 3 0 7 6 2 3 8 3 
5 7 3 6 7 5 4 3 9 8 9 1 7 3 4 5 1 4 4 9 7 4 8 3 3 7 9 0 6 6 3 3 9 0 3 8 7 6 3 6 
4 3 4 3 8 5 6 8 8 2 2 4 6 6 2 8 8 1 6 4 8 0 8 4 8 0 1 2 8 0 5 1 6 7 2 1 3 9 1 0 
3 2 8 2 0 1 7 1 8 7 4 4 1 9 0 6 3 9 7 2 0 7 8 2 0 2 2 3 5 0 8 2 9 7 7 8 6 7 5 7 
4 2 1 4 4 5 5 7 2 5 9 0 0 5 7 4 6 2 6 7 5 6 1 9 2 6 9 2 5 8 3 8 2 1 9 5 1 9 9 3 
3 8 9 4 9 9 8 6 2 2 9 0 3 9 8 0 3 7 2 9 8 8 2 0 6 8 4 8 8 4 2 0 7 2 5 3 5 4 9 3 
1 3 0 7 3 6 8 4 8 6 1 9 4 5 9 4 1 9 1 1 0 1 9 7 4 3 7 4 9 1 1 1 5 6 7 4 0 7 4 8 
1 8 7 6 4 7 5 0 9 2 9 7 5 0 2 2 2 6 4 6 3 8 3 4 9 0 4 1 5 3 0 3 9 3 7 6 6 3 6 4 
4 8 6 2 1 9 4 7 7 0 4 5 2 5 7 9 6 4 7 5 5 4 3 6 7 5 5 6 2 8 3 3 7 4 5 5 8 3 4 1 
5 6 0 0 6 6 0 1 8 1 7 7 9 6 9 8 8 9 9 5 1 7 2 8 6 9 3 8 8 9 7 5 1 8 5 9 8 0 7 6 
5 8 3 2 4 2 0 1 6 2 8 2 0 2 4 4 7 9 0 3 4 9 6 7 5 6 5 3 3 6 7 0 4 6 4 0 6 6 6 7 
8 7 6 1 0 9 2 4 3 5 2 8 9 4 0 0 9 2 0 4 6 3 7 1 0 9 3 6 4 1 5 3 0 9 4 6 1 5 0 0 
2 8 9 8 6 0 2 6 2 8 1 2 7 3 3 2 6 3 6 1 5 8 6 4 3 0 0 2 2 9 3 3 6 9 1 9 3 0 3 3 
1 3 7 5 3 7 9 0 0 0 1 4 0 7 0 1 5 7 4 6 8 8 7 5 9 2 0 8 0 5 9 6 5 2 7 9 3 7 9 9 
1 2 2 1 9 8 4 8 8 2 9 3 1 5 4 1 1 0 6 8 1 8 1 7 7 8 3 4 3 8 6 6 5 1 1 0 6 0 7 0 
9 5 0 0 1 7 2 5 2 2 7 8 5 2 7 0 1 2 9 0 5 2 3 6 5 2 4 0 0 3 7 6 6 5 5 0 3 1 9 5 

Resultado 2
827 1169 1016 823 1017 905 1029 847 1084 882 995 747 903 1066 1055 811 909 929 931 888 733 1071 946 1066 925 882 890 873 971 943 913 717 1037 905 1049 915 859 778 991 919 
813 952 790 791 936 869 845 738 975 834 921 768 755 839 957 601 852 788 893 811 630 932 852 1029 688 963 867 782 911 937 847 677 821 852 924 933 699 723 824 704 
757 940 738 674 860 878 791 778 907 729 826 795 664 899 929 685 916 725 915 798 562 974 709 998 682 820 803 836 843 1005 703 684 898 760 931 830 691 655 884 610 
702 857 727 630 728 821 820 685 772 753 872 622 771 780 796 614 635 713 783 676 648 740 789 765 683 802 692 615 800 681 704 590 790 785 797 766 630 675 814 697 
755 871 809 723 803 748 832 785 817 772 780 686 684 914 870 635 750 690 639 746 510 814 820 902 547 806 740 823 876 827 670 523 789 854 820 776 609 641 650 616 
844 981 860 779 903 904 1104 919 903 900 950 688 840 1057 969 741 820 792 935 845 679 998 878 993 715 875 919 801 873 924 846 664 949 859 943 821 822 736 953 777 
870 1031 773 767 896 947 1013 859 911 859 884 831 772 1063 1021 687 913 797 840 899 716 979 850 1002 794 963 900 915 838 991 830 634 868 872 820 933 779 787 991 824 
742 849 625 680 669 756 812 676 805 791 791 679 656 799 801 664 723 633 630 663 528 736 688 783 545 756 768 661 709 829 642 544 903 731 795 766 635 637 724 680 
753 961 734 760 768 749 1032 777 869 853 808 783 699 949 845 708 809 738 828 798 742 846 845 959 722 830 803 787 783 860 924 581 925 849 796 809 768 822 850 800 
747 848 760 734 821 841 871 619 847 737 794 747 660 866 920 652 921 804 759 711 536 990 882 975 664 708 817 854 865 854 757 549 795 801 838 801 708 761 790 688 
832 1033 879 845 925 911 922 868 944 877 876 722 792 966 982 775 929 802 961 906 689 939 898 1008 765 883 940 821 904 986 848 692 905 822 942 903 840 819 827 735 
781 927 803 856 816 819 1006 775 828 856 810 674 645 851 830 577 796 721 761 837 736 931 803 877 688 832 838 834 783 899 847 600 929 799 870 839 717 835 932 761 
750 901 752 707 743 757 811 679 760 663 781 654 689 916 870 590 805 646 666 754 589 735 798 841 585 719 857 714 797 786 639 558 765 693 846 785 618 757 740 671 
882 1010 907 816 879 822 909 892 1023 880 875 785 785 976 929 743 963 849 886 761 659 950 1053 964 801 842 863 863 938 974 848 671 846 937 934 907 783 837 896 843 
781 881 783 792 796 865 1049 789 752 857 896 811 642 990 866 614 886 659 765 734 696 835 816 873 718 854 816 768 741 935 841 667 968 766 905 822 770 840 812 760 
837 916 834 762 866 793 971 707 931 804 793 715 681 937 899 643 882 810 832 791 583 861 965 920 689 763 899 813 809 854 818 660 850 786 850 839 725 827 839 843 
850 1043 821 850 867 844 974 811 848 910 851 749 767 1062 913 772 915 878 855 859 730 993 945 999 673 924 913 935 897 1071 937 617 940 848 876 854 821 814 870 847 
1019 1082 943 837 960 956 1031 908 926 910 1108 815 790 1056 1089 769 1039 846 1046 901 828 1067 1036 1122 787 982 980 951 953 1088 1001 794 981 958 1017 963 873 837 1082 891 
686 671 581 646 659 578 696 593 629 640 725 506 528 682 738 479 603 564 643 585 469 644 656 738 587 608 660 570 603 711 619 436 591 620 638 594 564 629 732 611 
829 921 864 760 868 810 844 741 906 828 977 672 708 874 874 682 834 779 865 857 648 994 918 977 662 900 844 885 932 920 961 700 885 827 903 839 816 722 868 812 
818 940 789 757 900 764 956 809 918 761 892 736 648 982 935 695 819 711 880 873 714 986 828 1053 773 775 829 876 845 930 927 594 893 766 839 779 787 785 960 756 
850 1037 878 832 959 980 1020 939 1063 931 1033 821 745 1012 1035 762 898 832 972 894 768 998 974 1074 818 980 934 884 1044 986 945 827 995 864 990 928 778 898 916 856 
836 928 764 703 864 809 866 771 947 828 921 848 742 877 948 661 848 712 831 745 636 818 878 1007 764 815 842 748 916 833 822 684 840 815 940 788 643 814 819 741 
936 1045 892 879 969 1040 1024 810 985 917 987 832 917 1054 1017 781 1017 930 989 944 758 1036 1001 1061 782 999 1026 888 982 949 1033 755 1026 951 1086 947 855 929 1052 884 
928 1045 838 756 1017 924 952 854 1003 863 1052 720 820 1002 1045 862 947 711 886 879 760 972 893 1068 885 1026 893 865 939 937 967 740 943 892 909 795 833 890 980 849 
785 830 664 644 816 708 805 748 876 688 819 646 517 779 896 586 764 585 763 786 586 705 744 941 628 850 854 724 748 822 776 669 727 627 811 691 591 721 768 670 
769 849 665 668 715 663 795 701 815 714 838 567 673 916 947 667 742 701 728 767 524 736 784 892 576 743 854 654 759 765 774 593 766 698 822 777 694 750 760 763 
733 943 804 744 793 757 895 761 925 740 841 687 627 881 869 755 843 743 772 714 652 954 855 924 772 759 802 759 801 863 781 640 904 788 825 835 697 822 937 808 
997 1079 1036 880 1023 980 1134 929 903 991 1078 890 855 1136 1055 768 964 727 917 887 812 1001 972 1092 821 1013 968 957 1021 986 909 750 1006 941 1074 936 810 918 965 832 
800 933 827 689 869 845 833 814 1028 710 992 633 688 849 982 738 754 799 874 817 624 941 858 988 791 854 816 796 942 883 824 722 907 801 987 859 749 758 913 802 
713 918 792 738 895 811 892 753 859 694 891 766 627 935 951 686 812 681 714 738 666 915 833 1045 750 764 810 786 874 860 832 614 894 773 871 758 707 750 763 712 
709 757 773 764 701 830 855 672 743 726 843 552 585 764 830 526 638 760 806 623 568 742 860 769 645 776 810 626 758 673 768 586 748 731 841 764 699 693 824 737 
765 901 613 688 717 951 933 749 898 807 837 769 806 872 941 604 804 783 804 739 535 773 764 909 615 894 854 709 792 843 712 626 768 834 877 795 680 682 762 672 
767 997 848 820 840 957 1085 819 998 837 839 781 708 1043 1010 677 932 893 863 868 664 937 920 961 659 890 986 887 915 901 921 657 919 948 934 948 856 844 863 794 
687 805 723 674 682 797 879 653 750 700 826 680 613 893 819 684 804 662 600 643 613 821 821 819 613 749 783 752 837 713 790 557 848 708 830 646 675 857 709 708 
879 916 705 611 873 854 955 724 931 831 932 805 763 891 941 704 809 706 905 742 581 781 805 955 646 940 872 814 850 836 859 671 842 777 799 731 788 630 791 738 
840 946 833 854 864 815 876 785 924 785 955 678 729 887 1039 712 863 812 890 765 707 867 975 1017 743 801 894 824 983 928 915 747 864 865 945 913 710 884 895 867 
886 1062 948 828 895 887 997 764 920 823 863 751 890 1000 986 783 823 825 848 854 714 964 916 993 755 884 884 896 927 886 854 684 944 829 1009 1005 711 780 892 833 
789 912 651 689 844 975 922 739 956 745 957 716 833 852 981 639 786 727 816 852 646 817 808 926 750 894 863 700 856 755 745 605 809 751 798 766 709 755 854 699 
932 1006 742 769 944 873 902 837 1013 803 956 866 801 942 1076 697 898 796 960 913 627 929 866 1171 693 952 972 884 961 984 932 722 944 906 1050 829 760 787 966 768 

